2000
1733 11079
10997 333
2841 5104
27755 16121
9391 16095
11374 28116
29316 29990
21354 19339
18381 23521
5178 22422
7166 12175
12370 1518
13291 18897
20343 21164
11162 17773
18657 3234
21637 15978
26448 26061
29781 30502
27444 16318
3870 10835
520 4760
26627 26815
29847 24460
16202 21889
30703 22236
16990 8075
13446 12509
4795 14595
11077 6678
13712 24145
10899 11849
25393 10994
9805 16816
14013 13449
15814 3970
22666 7105
24799 7808
15771 22740
1058 7788
13627 30749
18610 1743
18858 8677
10577 29736
8991 15442
13657 24280
23410 222
6771 4781
3910 15720
3896 7915
2332 29027
19648 19518
17846 9018
14219 7372
9656 7972
8396 13748
8128 18968
26934 4612
15706 8594
22323 27224
20516 26909
16548 18314
19179 16833
8552 15232
16782 22322
28489 24150
20838 5225
2269 24582
29376 22695
20552 25632
28992 22642
113 14021
18765 16491
21734 7862
28080 3605
23289 8435
15829 19813
17747 8459
15536 3247
30184 23280
9473 27065
12852 15862
17242 13303
16527 29866
18062 30231
7779 19355
15141 12329
15666 20842
4245 22525
7619 9783
3589 28493
2503 28357
14096 16216
22152 12461
27821 29072
13195 5878
16280 5284
17788 30544
13795 25587
20392 26140
9859 15494
19524 10110
7338 1723
17112 11732
9037 7834
19859 2020
2318 26584
11891 29854
15256 18478
14073 17860
2523 8157
5910 26304
8400 29567
18849 29713
21124 12183
30559 28842
15168 17656
29359 4175
28063 4514
403 6542
4427 9740
8488 3321
11307 2628
8457 24136
23444 22782
15382 11860
20549 19565
6589 28690
17249 24490
25060 5911
14524 27496
26722 11689
6728 14626
10832 21924
3474 13461
7113 6378
17418 20921
26841 7768
10702 27085
9978 16329
6993 30325
22936 557
27985 13666
27961 8715
19214 5647
19582 16625
23529 28068
29210 8945
19349 25807
3105 27058
13851 21018
977 39
3849 8727
25815 3739
28930 21890
30851 22912
17424 19627
15447 12465
26058 16871
4629 864
24702 23818
9569 6915
18807 23321
14105 12787
14842 1614
26872 4261
22395 29733
17532 24030
6061 20223
2536 10706
20206 18616
21700 13254
12103 26051
11692 17670
1960 2617
5843 4967
1067 66
5017 4677
25167 14818
2950 26255
19123 29257
3231 21336
23784 7219
27863 15744
30608 9624
24493 327
23557 21211
6764 6218
21766 24745
16340 26065
1036 11370
248 13371
30783 29112
21290 15360
29692 22742
22998 24266
23388 12143
22151 23916
17258 5526
18319 23488
18801 9506
20844 1163
8801 1832
24398 12707
10094 28101
5666 28220
15557 7800
12528 10984
12068 19488
16771 10893
29321 11965
9960 28361
18891 15584
29451 20008
6426 17382
2162 8652
10964 7887
5445 19300
22406 18207
10201 25382
2794 1397
25710 24733
28737 131
20535 13833
29434 11560
5326 6498
2811 26839
25475 10245
1461 10539
27319 27919
15590 17343
3059 8577
11864 10686
21114 17997
4860 10193
26724 19668
12510 11287
3413 21025
9481 25084
2742 28886
25517 4160
26983 22028
30317 18391
26136 20212
1446 21842
1776 18272
5087 15502
22407 15975
18130 29244
17607 3394
14190 2156
10805 28453
23422 25970
4476 13143
14268 3342
20545 16749
2906 11042
3574 7068
21123 14991
816 2838
21054 17272
26487 29948
16101 10017
21421 8758
10039 30422
27295 28409
15043 22306
3510 9814
15182 21154
22225 22453
29968 18569
3746 9622
30255 5759
1430 14348
22283 5258
8254 17260
7767 16292
25737 21248
2191 1064
4592 27542
18808 26751
17270 14783
23486 14856
28517 22363
12344 26928
16192 514
26268 27079
26598 11256
28219 17178
9256 7729
6515 24199
17837 1636
25466 28568
23882 14861
21445 25078
1038 29884
25844 10628
25123 27839
21266 8630
2702 13407
11497 27242
25756 9367
10773 26571
19456 16588
21921 15846
23332 2042
11486 21844
9472 3285
19854 29550
1431 7152
19301 1269
8874 13664
17321 14663
25332 29235
12676 25612
30742 5634
18953 19435
19469 10986
15232 2390
27114 17976
22793 17729
21126 27886
14696 20795
29658 29941
26011 16694
558 4686
26975 19363
20214 10481
24912 19316
19709 2760
24371 15171
22100 15464
30696 13531
19728 16575
29853 16755
9826 15059
3196 23752
21340 358
28130 16274
5953 12368
4244 23718
23333 7170
1689 19507
438 6136
19925 19842
28216 19235
8137 2338
9528 14811
22974 8460
21434 16964
25993 949
12015 29276
9665 9725
30507 2218
21634 6934
26320 6168
8304 6574
28652 12546
10829 14343
9790 4395
19836 8070
21798 24837
22223 3531
14744 9156
22289 24624
7923 14097
24894 26728
15887 20770
23037 22172
27188 14243
7147 11717
26505 6121
4849 13491
11487 18392
8357 15942
19478 14168
18587 20610
20087 12028
14361 13600
17625 30582
19994 10407
19046 12031
30944 9964
19368 27508
1368 21417
3974 1804
2789 17391
755 488
10950 24854
21272 15364
2592 13645
9798 19054
12456 24865
5991 11487
18927 16459
23602 2986
29914 12073
8283 361
21447 17065
8075 1815
26185 22407
27338 27827
12377 7541
14156 14279
25553 3767
15299 29672
11694 28235
22271 8839
16531 15909
10851 2151
14984 20238
726 18512
3763 25446
15475 15483
14981 15482
27853 6276
24979 22919
24874 19495
28354 15963
21859 10220
29827 14728
11044 17947
21947 22074
20745 25240
17035 20705
12638 30818
29476 11501
11638 5758
3424 8422
15283 4160
14067 17943
20550 5770
28458 2946
27099 5172
6486 3601
14741 17179
8705 16923
22610 21898
1638 2397
12083 875
25676 30711
19640 13146
14000 7305
17043 26172
19840 22088
23544 864
25819 6758
4160 28794
6675 2790
3116 9067
14793 3242
9401 15377
75 8751
5508 10391
14273 7007
29262 29369
7610 9247
5141 14796
19970 2709
15230 10021
21361 20296
10629 22734
16226 10504
7580 5293
25365 26310
24323 14222
9673 18719
19396 15604
11874 162
26306 8180
28726 29102
1953 29758
27852 19221
25223 16778
14535 5137
19439 14180
16383 5001
23029 51
24165 9620
18227 4854
25948 20165
14837 17304
12337 24868
712 19025
28033 4395
19338 7777
27850 27141
7872 13180
1281 21450
15978 11245
7240 18481
23445 17121
5124 12439
12689 3112
14285 26392
10193 16173
30965 1884
26064 12525
5359 3801
10799 25780
25679 11804
2024 17966
7248 30543
4939 8448
23963 20905
16696 23752
1822 20999
5615 10584
23449 23836
17825 5696
17492 11106
11499 13278
25998 6746
12975 21374
3239 6751
25288 1991
24308 22335
1371 16029
2548 17329
8690 2615
7264 30118
6669 711
4801 16706
19776 24956
24089 29478
17249 15438
6497 1680
12275 5058
2353 4805
1654 22965
4773 5512
7211 28639
17252 395
13110 2651
28763 18376
10673 29263
9971 8639
2298 24069
27693 27938
35 10775
16460 20891
9889 14445
8440 26143
13625 3345
8608 25912
7139 25128
3402 23894
12947 4307
5084 1050
14560 28260
26185 4705
4538 22715
29074 16903
12804 6093
9593 14045
23651 142
743 1827
25209 3764
13682 4808
20726 24291
16974 16196
26901 16740
9923 2633
11301 23204
2550 30495
21083 7830
431 17247
1298 11543
25011 27113
17932 30103
6805 12832
6252 29021
16679 5499
4198 30605
16856 25873
17288 13341
7391 11353
22274 9143
2409 24797
16930 1329
28731 29526
15030 23667
23352 1807
28390 30748
8936 19989
7065 29086
16498 2344
19877 3234
26839 22411
3616 14119
30813 24348
29910 17327
26732 27854
22846 13409
21188 24670
15509 14811
11 29904
28240 5593
3488 30387
11850 8661
16022 2962
14594 1371
27248 8423
26611 5216
12520 17889
17089 16357
16023 10990
8133 7712
22128 14990
3798 6050
6730 22940
8280 25374
11536 2396
9612 28473
30035 4820
1057 1914
24687 25483
16735 9207
25355 5821
17253 4751
19233 18063
28109 26894
14710 14680
12242 29295
10956 19554
4039 19205
2330 20690
27411 500
24457 15309
22669 18686
17192 29642
19977 24456
19179 27029
7653 20958
28989 4107
26933 2967
7023 3796
2679 22809
2678 14609
17896 1302
25058 22642
20455 5867
5204 17875
3987 2180
2198 19648
735 14547
656 19575
21693 13815
20122 14775
8954 6796
908 15287
3365 11637
19408 13936
22219 26391
4764 1018
7182 7364
824 12053
12797 24938
30054 21228
21538 28902
15711 19854
16373 28951
9594 1757
4803 14324
17410 8017
20468 30661
2253 4070
6145 9216
12840 18161
21938 8385
16119 25133
8161 1455
14380 19777
12343 5775
26309 3590
14494 25759
28612 10926
4011 7277
15775 3944
1689 1172
16553 3064
22324 1656
29960 5667
10807 27089
15810 27947
29919 2667
3003 894
8309 515
15728 5527
5433 22357
30252 18481
2239 50
25499 3588
2931 18631
26761 25323
24261 14062
14213 15054
28806 6020
18744 24538
26927 24340
28419 3370
7718 1193
8974 8938
9583 30041
10014 24191
16560 5432
10334 90
18132 5261
26014 4592
4313 15518
13210 22490
18456 18434
7715 10962
24676 16093
21501 27453
2258 4463
7678 30111
22892 1700
22518 26729
26322 11104
19924 15075
5138 6548
9031 10313
16006 21620
16582 11816
12362 16887
9442 12399
17367 12262
5844 11349
14146 12041
29910 12757
2558 9115
527 26203
13330 25827
16442 11503
27317 17089
18604 26446
20463 12022
27861 30713
20152 17394
5403 19790
25357 28124
11158 25864
10772 8839
19623 12298
5989 18470
23101 7502
19529 10706
20251 10259
11416 13278
12836 140
41 3849
26238 7644
524 24822
2803 16876
6660 1866
26911 3238
13456 21636
29506 20602
18665 18349
2632 28029
12507 7929
20638 6855
5823 23221
2079 25637
9160 954
29207 19327
21777 15238
24313 13121
23267 29744
3823 28897
7738 2092
5316 15823
25736 16358
26256 4788
25685 761
6598 15193
21205 23461
8279 28085
22080 2147
21632 20055
25489 18065
11520 30500
18121 8687
15658 21427
1103 4916
10881 74
24436 26024
28184 1322
1863 25250
21806 26216
21606 23789
15247 24663
14563 5852
20406 9036
19937 29165
15483 30597
2910 2774
25716 12867
10227 81
26875 24472
4607 3656
15325 7818
12527 13928
1136 8107
24040 13368
2770 15987
8915 15400
2756 6464
7003 19995
16267 14889
11895 17573
12845 7855
4223 24143
22429 17774
7477 30704
14203 21531
28376 28032
24001 10099
9596 16504
22590 17647
29478 29190
23747 6750
12747 11131
29326 5137
7169 9691
18450 19658
20628 24820
15372 11684
18388 9722
9274 17322
12747 17867
24533 39
30578 30865
24133 11150
11345 21472
26299 28182
19071 6368
19432 17104
11641 7406
17146 3855
5345 3088
14606 13089
3586 14613
28243 1546
6841 8299
20542 5177
19809 12757
29767 24486
21948 27661
24784 23217
12181 18503
28252 8125
14207 4691
22077 26462
23801 22761
2603 10095
10362 26455
11086 11186
6685 8088
3469 25767
29266 28450
5761 12125
5837 25544
3134 26937
17758 23516
18257 6100
4040 28558
12223 28626
6768 27185
25125 19593
22554 29143
14875 4861
8922 26491
1476 25568
13962 27639
28583 14114
25261 15968
10771 27179
3945 18862
12635 9186
19874 15078
13139 11633
10209 13157
30904 4364
919 11427
5867 21112
5443 30030
5406 24565
10672 5701
30483 11514
24833 411
4518 16975
8896 10368
30751 15408
4909 14448
7763 13473
4995 26577
19935 1265
25510 19750
18564 30536
22631 17902
11304 6237
9653 27236
6902 7089
1591 13106
3885 14125
2186 21241
7400 27533
24252 12788
30519 4514
18584 20539
13013 14865
24322 19865
25985 23181
20254 26358
30483 9717
19076 26290
29778 6769
27275 30775
29995 9649
13820 6549
6396 15118
8727 32
25414 19674
13792 16621
16566 19541
23546 642
10681 15330
862 27390
3152 22667
5775 15194
9339 27965
7118 9116
29480 8104
8728 16423
29456 30330
6509 28408
16301 10670
14574 19903
21845 10267
25196 30044
29353 7982
10505 26739
25058 20184
29926 5739
759 159
845 18347
14051 30670
19769 21929
30132 19095
19808 30333
5543 30651
13456 23520
23872 4515
3079 21858
21664 17946
3235 23056
12624 22923
24224 2266
21038 14008
9374 12788
1574 5447
1856 9580
11811 7188
885 22166
15986 28779
13269 13441
12368 23634
16074 22468
25815 18728
6044 22272
28099 27919
13160 2470
578 8184
1507 11038
17810 27723
9762 5220
4591 13143
29460 5186
22563 14591
8158 13076
13424 23054
27980 19752
21468 28147
14628 881
13261 20322
2164 22079
25447 7022
27637 11826
6916 22652
26973 21066
1235 8966
2049 24799
9880 449
25158 15830
7974 8544
30231 680
2689 15009
27814 23790
2360 7588
1265 25209
13302 10026
30284 25940
28670 13935
11896 20260
30728 26305
3356 5718
12367 28522
12961 29317
30464 24594
16675 30221
20755 18017
11487 24403
2494 1670
25170 24546
14660 4014
26410 11290
573 22355
18591 9862
20358 10129
24570 1635
5566 30605
11651 25318
2485 17945
14436 8149
7170 8655
7223 5641
15146 23211
26048 14882
23872 23384
5160 17093
25159 7477
22207 20291
16201 564
13902 26431
20676 8521
11759 4616
439 17260
6928 25831
16004 25815
1903 16206
28209 28753
6817 14201
19558 1336
29947 14974
23000 14238
20799 2314
23088 26012
10384 7428
22261 22930
30219 29937
6607 2047
5683 9234
4179 11450
21073 14635
11327 1997
26957 14546
1928 18820
24690 29422
14155 4521
13844 6388
677 27115
14535 16843
17773 11696
25500 10760
24254 16035
6168 24105
15245 30498
29836 9794
11701 20275
24633 20846
16875 7191
164 12127
29357 7909
18213 12332
263 15751
27676 15100
17032 29591
6808 15288
20882 7291
5991 26424
4134 21260
27208 27806
4042 23628
10425 14231
25276 26203
28483 18658
1590 4468
15609 638
14183 19133
7426 18526
20924 4494
7742 14620
17479 16512
17353 26776
12246 22155
22609 12015
13346 474
28550 8572
7496 22888
24209 3880
14168 4723
12340 8808
25979 25130
22979 30374
22720 30027
8242 6104
29467 23432
20069 24467
9187 28819
6071 24252
25770 19914
16876 12865
506 12547
27699 3068
2576 16248
4136 16380
5866 3389
28875 16329
11123 18150
22519 29821
8854 28319
3837 7009
20989 5698
28305 27321
27031 1950
6491 22734
8985 20506
27480 3645
27121 22887
835 20847
22861 19047
14460 9263
25869 23552
17477 13116
638 8433
7456 15918
30606 26240
26287 22323
19278 27098
2741 28152
2426 13963
16863 9614
10598 12214
7399 26166
16902 11841
22219 4122
6101 5905
2009 15788
5137 29783
14762 10792
15743 28447
9331 11197
808 12291
27296 13793
935 13540
22822 11864
12389 17820
14698 6582
21742 26974
4657 21830
2708 20625
20590 26194
2003 11481
16154 19928
17015 569
28649 19035
14898 51
2164 7446
30092 15413
4444 9589
29796 12359
12935 937
2531 17255
15748 30536
19401 2905
3053 2166
24575 29478
26765 22513
15419 19881
30870 19601
21448 22567
16297 9211
6520 16401
13536 27986
4355 14508
26299 30088
12393 19286
12747 26192
6120 29699
16237 10088
2015 21589
17042 27519
11208 6624
1290 20923
10329 12671
12592 8360
23641 200
13763 27856
13629 3777
24248 10830
7943 22157
27636 28015
5176 11381
21615 16672
20710 11730
21731 17880
15002 1382
7825 12558
22687 16214
30008 20872
14259 2575
19121 14247
9083 5671
16808 26618
7217 30238
12724 10769
15947 27151
6039 19555
6135 13624
25715 11632
22458 29275
21039 19476
19307 29977
12573 15892
19565 20252
25732 10844
1858 23500
19694 5090
28735 4348
12686 4953
7125 6051
25893 12844
21679 29199
27549 1563
24442 10984
3093 15329
29608 8290
23205 15539
3493 25960
12659 27842
4372 20124
20357 28639
5073 25847
25831 9885
16893 25146
13135 4522
10139 27690
23889 25164
8181 17510
6328 6602
14558 10445
14285 26079
4672 5893
20870 1661
956 8020
15458 5276
27731 13720
2467 15333
16580 16190
1581 16106
28701 30882
1799 23043
4233 29046
30540 701
27844 13875
15935 6786
9363 9503
27027 30364
29000 30862
28785 18558
16952 28204
12643 3620
11771 17504
22958 24142
17181 17543
25296 3513
2211 1875
29475 27603
6283 735
21462 10373
3812 25627
17466 14760
2414 10754
18070 27740
4116 2470
15886 25306
17258 6956
9071 25136
9349 15492
1108 28673
9445 11380
22397 11534
5123 11563
8882 21105
14492 5806
16395 28229
26365 26573
26908 12620
30307 5140
831 5218
338 26443
17850 13965
21111 26645
27315 28381
25698 26115
985 11782
955 30761
23648 27225
4297 10169
30564 4482
4758 18325
5569 24638
19861 2541
3897 29185
6182 13410
12383 19457
25865 13012
13721 30240
8337 29540
30909 30209
8891 7828
9004 16820
1658 4170
29221 23384
3759 13224
12621 29345
3292 18071
3052 30863
13155 17292
20992 12486
4498 5080
16769 11659
26216 11746
20095 14834
21865 27709
180 25303
5327 24511
7091 2531
30262 11606
6754 431
23979 24700
14846 2379
17165 1681
25991 28897
27442 1996
10960 10723
4710 16733
24477 16363
704 25173
25379 2610
17702 20943
13576 27198
9420 30000
12414 22402
21208 616
15064 29463
29372 30847
9244 22764
13468 28250
11185 16908
27976 2663
23224 11047
24422 27283
19059 22568
25563 14012
5824 9625
14529 6013
9436 14545
12514 15178
5536 5328
22615 29008
14779 17441
5016 24559
9241 2088
1311 22333
4929 8241
23714 131
21540 15098
15253 13998
18060 6375
25320 26845
584 28572
10145 15442
12616 23709
30752 538
29117 975
13667 7029
24374 8508
27450 21482
40 4594
4925 3981
11728 4105
26705 3318
21893 23238
22665 24601
1058 28566
7852 19619
18444 11330
28778 27128
21892 22055
2111 214
11268 24666
25495 17978
29309 24630
3079 22570
19849 28690
29441 20975
29459 8554
11546 15038
18469 18094
24619 2153
19131 9254
27924 405
16552 30825
3286 22293
4531 9122
14954 27766
22899 22443
14060 26436
21078 7767
3714 8141
26291 16991
25482 7415
23666 10287
1094 9377
636 1590
26320 2466
27950 5021
24278 25757
17842 11934
30782 7839
12874 26663
21363 6230
26297 7407
841 3127
25720 5071
15624 14572
27679 15073
3896 21222
4472 15821
24534 24289
9978 14107
9473 8308
30167 2009
26195 30745
26990 15273
7329 21728
7058 20002
12151 18090
29836 29223
1755 16617
17575 16905
16475 24964
23904 18680
5888 23862
13878 27373
1803 17806
21495 10038
1127 29729
18518 20518
20612 15742
5679 3878
14865 28138
16006 25229
27150 10761
6376 25780
10835 11165
27813 21184
12779 13251
3318 11027
7859 28554
23454 816
27563 13148
11921 1143
10084 15130
11050 29012
8476 21840
28514 22986
1919 1317
2890 20651
25676 24108
2174 22540
8027 10492
404 30949
29189 8129
28118 10545
6932 13832
30739 15966
7290 3013
7486 29251
19591 1365
26435 137
8899 12530
4479 19109
6094 27073
787 26179
28317 21561
5255 3491
671 13133
8422 3503
9360 22770
3959 30847
25294 24423
3655 758
680 8736
21029 23223
15932 8545
7920 17072
20465 14074
26897 15662
26888 12602
8666 8702
23877 10399
7933 10315
24822 13749
14976 26168
8664 20526
189 1679
15820 22164
10566 25649
23923 23442
7377 14472
7343 6504
7703 30634
22628 10612
6898 4985
13926 7153
24972 2692
12631 21621
22275 29513
13873 16553
14169 22960
26280 7347
10033 4685
1858 24495
12988 23180
28889 15906
14123 1501
29995 1924
4053 11030
2060 15304
6285 8350
7889 29606
10729 4290
8740 10391
9760 2353
17267 30265
14905 29783
22477 8489
13578 25049
26660 24802
28258 6598
19360 15797
20020 7702
17407 15094
9662 27799
17945 11594
17945 18178
21004 14785
15259 7074
17715 6566
22405 19250
15465 24565
29368 8874
30751 29367
26244 30848
13985 27694
15371 1788
14550 18755
7389 5028
4879 11960
6996 22781
21706 26697
14738 25272
17913 520
7852 8894
11062 9860
12926 18835
16914 4443
29883 29283
23379 27864
9923 10366
1943 15596
1439 4055
6986 15634
17597 30557
14224 13054
2136 23655
3518 870
20006 22459
4560 13595
5332 28530
22840 10545
13220 28376
28413 9746
3089 16457
9667 23598
29 2900
20044 30806
25817 21210
22426 27165
3858 679
30511 4725
1301 20420
3144 9415
20574 3321
5281 12978
28872 28122
10388 7619
6826 745
4341 23219
23441 16502
9331 22570
8850 2562
25572 29769
29542 20170
11759 9083
18387 14898
8583 19794
12496 17813
26055 28944
4864 4035
14203 26370
8463 27996
17162 12570
12472 772
16616 14668
2113 29601
12308 441
17527 19086
17984 20080
17243 1929
11155 17635
23824 8715
30330 23194
24563 9605
18704 19669
21860 24713
11712 14297
2104 29557
23820 2228
18306 29900
27093 6243
19166 24394
6724 4464
12507 8345
25623 1453
84 18740
29657 28158
10566 6957
8956 11459
6668 14054
21282 11341
4879 6924
736 30008
16412 18940
12458 2614
6132 1938
2633 4849
25102 23300
14514 24325
19113 30021
17056 8781
14396 30223
26975 18954
18564 15470
6055 14784
9634 5020
16443 23715
25198 11399
13904 19204
10793 9661
30021 29929
24589 23512
21973 2567
28196 8972
30232 28851
17241 8431
4517 3369
8032 27497
2798 15819
25918 26317
6811 30278
21935 6997
27783 16658
7168 23306
15939 27900
10576 10018
23199 20134
25575 15178
28256 4632
17582 27967
17865 18726
20934 30655
6924 12063
15011 5231
1268 13107
6942 27006
15766 12533
9195 4395
19908 9332
1826 23481
30199 1624
23016 26234
14971 30363
17794 5484
23320 11010
28557 23965
3553 24093
1247 6660
10570 18208
15953 13323
1177 4447
15789 25693
11467 22241
18010 26837
1339 4817
27853 27437
3937 1830
10395 18888
17551 15461
17475 385
4203 11012
27645 29964
16827 3448
26514 4200
15548 4502
10209 22094
4158 14247
8609 22286
10218 3887
27241 28342
9384 6361
4639 12108
4252 6625
30277 30543
19878 1867
14621 30653
26592 4959
11753 17848
22847 10597
17732 10637
22597 28563
21256 421
18205 14968
2080 17420
14846 13993
9574 16458
9675 8458
9223 23444
1105 10789
14447 9009
4616 16612
26866 20124
2555 21873
21021 8742
12804 19268
6966 27091
25019 23449
3549 26876
2867 27154
8051 14223
17670 16605
27772 3290
25591 23330
30986 2117
21186 28111
14732 26471
16561 16734
23280 11022
23763 27366
3385 17187
16341 28583
16313 16462
4274 16484
21963 24106
15078 8214
8373 54
13336 24400
21126 13608
3837 23883
25610 18534
10625 4385
29473 25992
6721 4469
26717 14497
1065 29963
10496 7847
18117 3405
3718 15858
8883 1503
14254 2929
18669 15383
25907 618
16184 4295
27187 29778
12872 20515
20520 22770
18279 7973
12960 26378
7137 22580
11718 15987
9963 12725
2937 3384
21823 13529
9867 21019
20231 10756
9344 5044
15508 24350
1013 5079
2419 16096
652 26327
15294 26140
18053 185
20122 8186
16872 1204
30818 16830
25792 15567
3106 7946
23204 30506
10522 13583
25482 22729
27781 15903
20060 6945
1261 1210
5583 557
27138 21002
18801 29566
6826 12897
18969 24843
12515 10258
22875 10377
27431 8123
27919 28700
19156 3121
29713 25481
17509 30964
9461 29697
4894 26944
13321 3535
5783 19231
30201 23471
4525 805
8319 11392
23174 23087
9819 3038
29255 16619
3344 19413
15080 16332
7282 5936
6790 21232
26786 11631
19996 19222
19463 18274
24049 11473
4336 23025
12826 6140
21562 10251
7573 30869
29508 10358
12638 19143
29899 6536
2000 20000
2001 22000
2002 24000
2003 26000
2000 26000
3501 26000
5002 26000
6503 26000
6500 26000
7001 25500
7502 25000
8003 24500
8000 24500
8001 23500
8002 22500
8003 21500
2000 20000
3501 20000
5002 20000
6503 20000
6500 20000
7001 20500
7502 21000
8003 21500
9500 20018
10501 22018
11502 24018
12503 26018
11000 23018
12001 23018
13002 23018
14003 23018
12500 26018
13501 24018
14502 22018
15503 20018
17000 20043
17001 22043
17002 24043
17003 26043
17000 20043
19001 20043
21002 20043
23003 20043
24500 20058
24501 22058
24502 24058
24503 26058
24500 20058
26001 20058
27502 20058
29003 20058
24500 26058
26501 26058
28502 26058
30503 26058
30500 20058
30501 21058
30502 22058
30503 23058
27500 23058
28501 23058
29502 23058
30503 23058
2005 12582
2006 14582
2007 16582
2008 18582
8005 12582
8006 14582
8007 16582
8008 18582
2005 15582
4006 15582
6007 15582
8008 15582
9505 12585
10506 14585
11507 16585
12508 18585
11005 15585
12006 15585
13007 15585
14008 15585
12505 18585
13506 16585
14507 14585
15508 12585
17005 12612
17006 14612
17007 16612
17008 18612
17005 18612
18506 18612
20007 18612
21508 18612
21505 18612
22006 18112
22507 17612
23008 17112
23005 17112
22506 16612
22007 16112
21508 15612
17005 15612
18506 15612
20007 15612
21508 15612
17005 15612
19006 14612
21007 13612
23008 12612
24505 12621
24506 14621
24507 16621
24508 18621
24505 18621
26006 18621
27507 18621
29008 18621
29005 18621
29506 18121
30007 17621
30508 17121
30505 17121
30506 16121
30507 15121
30508 14121
24505 12621
26006 12621
27507 12621
29008 12621
29005 12621
29506 13121
30007 13621
30508 14121
